1 1 22 1468.344
1 2 16 1181.574
1 6 8 704.692
1 7 18 638.58756
1 12 44 854.972
1 13 51 677.028
1 14 4 299.302
1 16 7 1267.92
1 17 34 1269.69
1 21 38 149.472
1 22 38 1213.748
1 23 43 243.548
1 24 14 681.6
1 25 25 399.1785
1 28 94 763.84
1 38 16 363.58
1 39 36 394.7645
1 40 61 532.86
1 41 14 591.5
1 44 7 376.012
1 45 55 2020.44
3 1 13 366.045738
3 2 11 180.072377
3 3 19 40.4068
3 6 78 595.40384
3 7 25 673.882
3 8 11 627.6095
3 10 56 493.793015
3 12 33 398.042
3 14 35 347.351
3 15 14 177.012
3 17 98 1221.91826
3 25 14 116.138
3 26 64 1112.0548
3 29 73 572.46
3 31 11 566.692992
3 32 37 406.62
3 35 22 257.68325
3 36 96 1387.438281
3 37 22 173.082
3 38 86 622.862377
3 39 78 818.290691
3 40 23 197.15
3 41 18 1646.464052
3 44 50 729.804441
3 46 61 518.8085
3 47 10 220.99
3 48 16 277.28
3 50 91 2182.922178
3 51 20 169.276
3 52 91 1372.806306
3 53 72 816.871542
3 57 21 177
3 58 80 601.171073
3 59 15 154.138
3 62 27 427.84
3 64 25 246.84
6 1 34 635.1524
6 2 59 2107.8315
6 3 20 364.95
6 4 31 369.768
6 5 30 255.2616
6 6 56 577.795
6 7 15 688.012
6 9 35 726.305
6 10 7 356.093
6 12 16 293.3052
6 13 17 296.733447
6 14 32 525.416293
6 15 9 179.6292
6 16 52 709.445
6 17 26 500.5228
6 18 7 179.0964
6 19 16 530.1902
6 20 7 294.605
6 21 41 729.5844
6 22 21 754.728285
6 23 24 408.124
6 24 13 253.9705
6 25 34 1003.7108
6 28 48 640.933
6 30 7 277.2
6 31 27 760.7508
6 33 13 450.0808
6 34 15 742.23775
6 35 16 423.5172
6 36 19 526.548
6 38 10 191.3172
6 40 18 827.224
6 41 24 610.768
6 42 7 224.9114
6 43 54 451.5225
6 45 16 401.0608
6 46 47 748.5408
7 1 25 783.941658
7 3 16 84.18
7 5 13 183.02
7 6 39 250.9284
7 7 7 115.26
7 8 23 488.4435
7 9 38 109.215
7 10 2 89.89
7 11 19 115.26
7 12 16 294.7785
7 14 14 135.52
7 15 32 564.222658
7 16 11 75.88
7 17 5 89.89
7 18 15 433.895315
7 19 14 135.52
7 20 22 198.9928
7 22 43 535.864
7 23 9 489.333738
7 24 12 396.704
7 25 14 216.947658
7 26 99 502.587444
7 27 14 172.584
7 28 17 345.2775
7 29 5 216.45264
7 30 132 597.955
7 31 6 290.86
7 32 18 93.28
7 33 12 581.83264
7 35 10 93.28
7 36 10 393.17124
7 37 34 232.65
7 38 31 370.9305
7 39 38 794.688606
7 41 46 279.92
7 42 42 971.946246
7 43 21 649.35792
7 44 40 174.9
7 45 16 198.3
7 46 26 706.67264
7 47 29 1048.98056
7 48 48 1231.32
7 49 12 410.56
7 50 49 302.2552
7 51 112 756.095537
7 52 124 855.782395
7 54 21 525.591
7 55 33 828.7412
7 56 9 244.365
7 57 15 179.2
7 59 6 409.21
7 60 29 191.86
7 61 2 67.76
11 1 47 752.4806
11 2 28 987.4
11 5 129 1258.914
11 8 41 773.1884
11 9 86 687.0039
11 11 27 365.82
11 12 21 315.2745
11 13 18 395.0575
11 14 68 500.9913
11 15 11 113.4981
11 16 28 431.8435
11 17 8 365.82
11 18 36 240.4096
11 19 42 282.21
11 20 38 738.8463
11 22 48 1110.2
11 23 45 449.28
11 24 43 416.25785
11 25 29 270.8625
11 26 25 62.585
11 27 20 379.4
11 28 37 460.575
11 31 70 156.5376
11 32 64 270.8625
11 35 26 463.12
11 36 28 389.4746
11 37 18 858.2
11 38 24 541.38
11 39 19 276.51
11 40 92 853.514
11 41 73 1281.96
11 42 9 150.15
11 44 37 431.960624
11 45 71 705.955562
11 46 13 666.41088
11 48 30 375.262503
11 49 35 224.628
11 51 39 408.26
11 52 24 1110.2
11 54 27 489.84
11 55 38 1121.81
11 56 13 408.26
11 57 25 1026.617
11 58 113 1014.1504
11 59 85 832.926918
11 61 52 261.75
11 62 67 383.9325
11 63 94 247.4501
11 64 52 1803.4
12 1 42 190.272
12 3 3 42.24
12 4 52 1012.546
12 5 15 52.14
12 6 25 175.39
12 7 84 501.5375
12 8 6 91.5
12 9 33 173.4
12 10 54 258.44
12 11 32 255.86
12 12 56 437.66
12 13 8 36.05
12 14 9 86.87
12 15 44 312.752
12 16 6 218.19
12 17 13 95.16
12 18 64 173.4
12 19 26 227.945
12 20 39 480.82625
12 21 17 42.24
12 23 49 427.967
12 24 22 197.3425
12 25 10 76.86
12 26 83 419.743
12 27 94 832.60788
12 28 84 791.92858
12 31 75 1290.756697
12 32 81 987.769123
12 33 61 354.5325
12 34 38 260.896
12 35 64 440.704
12 36 36 153.73
12 37 23 393.262
12 38 21 207.692377
12 39 34 94.394
12 40 10 409.53
12 42 81 173.4
12 43 134 925.65726
12 44 32 164.538
12 46 27 186.148
12 47 36 526.9907
12 48 13 90.9
12 49 28 366.851
12 50 9 50.5
12 51 32 141.798377
12 52 11 85.32
12 53 20 200.338
12 55 53 303.235
12 56 13 310.8
12 57 35 202.3
12 58 4 90.9
12 59 4 90.9
12 60 41 408.186752
12 61 50 599.59
12 62 58 324.872
12 63 42 506.094
12 65 28 202.3
12 66 8 219.204375
12 67 18 90.516
12 68 22 168.732377
12 69 32 600.71
12 70 4 42.24
12 71 12 288.2375
12 72 10 438.40875
12 73 4 444.876
12 75 39 86.7
12 76 9 84.48
12 78 43 643.66875
12 79 1 37.6
12 80 42 479.649905
12 82 34 169.54
12 83 38 396.704
12 84 38 605.161918
12 85 19 382.753728
12 86 21 454.428125
12 87 16 126.84
12 88 86 825.946
12 91 18 916.42175
12 93 12 61.875
12 94 71 590.4852
12 95 17 402.70125
12 96 5 169.54
12 99 29 161.5
12 100 4 115.764
12 101 28 177.716502
12 102 19 796.457875
12 103 38 151.232
12 104 82 544.723
12 106 18 86.7
12 107 19 86.7
12 108 39 698.772624
12 109 19 677.4335
14 1 34 460.416765
14 3 57 561.1681
14 5 26 302
14 6 35 538.561985
14 7 36 691.91675
14 10 7 233.12
14 11 26 46.995
14 12 20 382.9717
14 13 7 77.48
14 14 6 117.6
14 15 30 384.53418
14 16 7 233.12
14 17 14 105.02
14 18 24 438.07
14 20 48 308.216
14 22 41 764.5525
14 24 5 233.12
14 25 23 478.854
14 27 18 94.64
14 29 24 480.83618
14 30 54 413.4
14 33 10 233.12
14 34 20 77.48
14 35 32 239.36
14 37 28 439.32
14 38 40 214.9695
14 39 33 513.2364
14 40 16 311.84
14 41 11 233.12
14 42 24 424.648
14 44 22 240.84
14 45 59 285.372
14 48 23 456.971793
14 49 26 333.056447
14 50 23 510.75
14 52 27 249.3425
14 54 35 476.6965
14 55 10 119.28
14 58 40 701.902076
14 59 18 267.24
14 61 11 233.12
14 62 16 78.1425
14 63 7 52.095
14 64 9 289.99125
14 65 37 589.569808
14 68 14 289.99125
14 69 10 233.12
14 70 6 193.3275
14 71 33 166.88
14 72 18 918.856
14 74 108 1187.964
14 75 5 233.12
14 76 23 349.5304
14 77 17 389.9505
14 78 15 279.87
14 79 23 1343.372
14 81 6 150.15
14 82 37 117.6
14 84 38 387.7245
14 85 48 291.16
14 86 94 1574.71663
14 88 18 281.864982
14 89 30 1404.97375
15 1 69 523.111092
15 2 65 521.612125
15 3 22 285.6
15 4 20 415.815
15 5 14 1427.61
15 6 45 386.31
15 8 43 316.324375
15 11 14 255.36
15 12 40 729.677
15 13 92 791.522
15 16 77 418.785341
15 17 49 152.2714
15 18 21 186.8592
15 19 28 278.4191
15 20 18 146.5245
15 21 73 224.517859
15 28 63 298.866999
15 29 14 222.865
15 30 41 610.775
15 31 3 122.6326
15 33 11 133.9362
15 34 70 602.7463
15 36 35 431.31
15 39 76 1030.78646
15 40 16 123.9
15 42 24 191.223993
15 43 40 304.2275
15 44 33 123.5
15 45 37 115.335
15 46 11 126.5838
15 47 15 468.5
15 48 33 236.4075
18 1 49 566.339425
18 5 40 128.26
18 6 46 1271.1762
18 7 9 170.8575
18 9 6 218.6625
18 10 55 59.04
18 11 69 1513.845
18 12 48 1387.592
18 14 45 659.863
18 15 59 865.812
18 16 11 331.1735
18 17 39 870.9934
18 20 9 154
18 21 44 64.13
18 22 50 1313.41975
18 23 45 379.48032
18 24 8 121.04
18 25 81 1293.459345
18 27 33 505.4
18 28 13 582.95898
18 30 21 59.04
18 34 15 264.974
18 36 89 864.788
18 37 10 302.87
18 38 9 213.9968
18 40 39 490.42
18 41 15 568.952
18 42 71 1114.338
18 44 34 568.952
18 45 36 746.142375
18 46 41 1596.247
18 47 84 753.092
18 48 14 766.99
18 49 34 798.319875
18 50 23 352.2295
18 51 18 449.070125
18 52 88 1623.453648
18 53 47 128.26
18 54 18 359.5045
18 56 55 900.148
18 59 14 242.08
18 60 5 379.373
18 62 26 99.134
18 64 63 970.14
23 1 32 220.26
23 2 67 461.772
23 3 56 271
23 4 28 354.56
23 5 57 466.6235
23 6 38 125.32
23 7 19 113
23 8 81 355.13
23 9 10 86.4216
23 10 43 151.9064
23 11 9 77.48
23 12 15 187.2
23 13 30 354.56
23 14 64 471.58
23 15 25 118.5144
23 16 118 579.304
23 17 20 203.456
23 18 64 296.6
23 19 41 344.312
23 20 44 366.75
23 21 8 105.02
23 22 82 996.77
23 23 89 320.208
23 25 21 340.272
23 26 82 1084.669
23 28 40 524.73
23 29 43 113
23 30 15 170.64
23 31 31 340.36
23 32 89 566.782
23 34 47 300.73
23 35 8 94.64
23 36 4 80.784
23 37 32 340.36
23 38 100 941.542125
23 39 9 56.402
23 41 18 340.36
23 42 6 105.02
23 43 136 814.858
23 45 47 702.192
23 47 85 465.0595
23 49 49 454.262
23 50 28 483.566
23 52 80 442.352
23 53 15 94.64
23 54 23 243.5
23 55 49 358.7875
23 56 6 94.64
23 57 25 293.81
23 58 60 383.268
23 59 23 115.26
23 60 13 94.64
23 61 55 419.7275
23 62 26 56.5
25 1 12 141.985
25 3 28 159.9675
25 4 49 72.22
25 5 14 136.675
25 6 48 271.1
25 8 50 94.64
25 9 56 273.14
25 10 58 427.305
25 11 11 224.033508
25 12 40 125.565
25 13 37 174.72
25 14 24 132.3
25 15 22 150.15
25 16 23 196.4475
25 18 37 94.64
25 19 69 182.53
25 20 19 386.71
25 21 11 89.89
25 22 43 213.17375
25 23 5 89.89
25 24 4 94.64
25 27 13 105.02
25 28 24 199.065
25 29 34 125.69625
25 30 15 178.2
25 31 22 125.69625
25 32 16 105.02
25 33 8 105.02
25 34 20 212.268875
25 36 31 361.92
25 43 24 105.02
25 44 37 193.079063
25 45 49 89.25
25 46 63 1197.839
25 54 69 377.235
25 55 6 68.46
25 56 75 274.664
25 57 30 105.02
25 60 40 94.4125
25 61 62 1022.68242
25 65 43 551.954
25 67 40 218.44
25 68 25 218.44
26 2 5 111.5564
26 3 77 563.54375
26 4 26 250.62495
26 5 71 199.6075
26 7 11 285.6
26 8 21 461.10574
26 10 49 384.8
26 11 18 192.12255
26 12 20 209.15064
26 13 26 310.2138
26 14 17 497.68532
26 15 56 322.5875
26 17 19 155.40375
26 19 9 106.199
26 20 20 152.725
26 22 30 474.81231
26 23 24 304.54875
26 26 36 437.35
26 28 55 431.07
26 29 11 260.0944
26 30 28 469.0775
26 31 24 364.6775
26 32 9 51.00255
26 33 39 483.99231
26 34 34 356.7318
26 35 19 211.825902
26 37 68 282.04
26 38 14 156.94635
26 39 26 545.0772
26 40 23 539.01595
26 41 16 243.4304
26 44 14 264.8225
26 45 21 278.6765
26 46 36 761.28375
26 48 15 218.675
26 49 8 262.34
26 50 38 357.82
26 51 9 259.405802
26 52 10 310.8856
26 53 8 238.580802
26 55 18 197.85
26 56 27 494.8895
26 58 13 100.1
26 59 11 45.125
26 60 31 167.86125
26 61 36 152.20625
28 1 51 461.2285
28 3 26 19.9585
28 4 46 287.6585
28 5 40 469.11
28 6 53 199.92
28 7 71 570.33548
28 9 18 15.314692
28 10 34 293.5085
28 11 28 115.26
28 12 23 331.47532
28 13 19 154.8
28 14 135 315.19
28 15 4 154.8
28 17 27 250.32
28 18 15 61.5
28 19 11 371.37625
28 20 37 15.314692
28 21 15 273.55
28 22 56 105.204692
28 23 48 770.66407
28 26 24 171
28 29 91 199.92
28 30 77 199.92
28 33 82 199.92
28 34 35 399.331788
28 37 18 15.314692
28 38 34 15.314692
28 39 27 15.314692
28 41 39 408.98875
28 43 74 253.944
28 44 5 68.46
28 45 89 434.71364
28 49 14 188.44
28 51 31 15.314692
28 52 77 15.314692
28 53 78 398.929
28 55 57 154.8
28 56 45 199.92
28 57 106 717.84
28 59 42 29.261
28 62 31 359.88
28 63 156 199.92
28 64 92 836.4755
28 65 119 303.75
28 66 106 39.917
28 67 63 88.1766
28 68 113 1942.137047
28 69 31 154.8
28 70 42 299.047695
28 75 39 39.181926
28 76 74 803.6722
28 78 57 313.627144
28 79 67 199.92
28 80 71 563.99
28 81 33 145.2525
28 84 23 19.9585
28 85 46 666.8965
28 89 20 420.0385
28 92 93 199.92
28 93 11 78.4
28 94 32 651.365
28 97 22 341.451292
28 105 27 19.9585
28 109 71 19.9585
28 110 29 228.1275
28 111 68 19.9585
28 112 11 464.912625
28 113 95 199.92
28 114 120 199.92
28 115 86 389.656122
28 119 31 19.9585
28 121 93 398.561125
28 122 71 465.896396
28 123 53 19.9585
28 124 16 4.9728
28 125 39 199.92
28 127 38 332.775
28 129 41 19.9585
28 130 97 445.601125
28 131 83 93.99
28 132 60 401.28
28 133 56 19.9585
28 136 79 461.52
28 137 31 19.9585
28 138 15 202.3
28 139 97 872.027625
28 141 43 327.9
28 143 80 392.85
28 145 147 560.4005
28 146 24 154
28 148 67 7.104
28 149 25 372.987
28 151 92 199.92
28 152 89 126.72
28 153 54 376.26
28 155 81 429.5185
28 159 25 527.97
28 161 17 257.95
28 162 82 10.656
28 163 57 427.8865
28 164 81 29.261
28 166 215 393.81407
28 167 344 1351.625
28 169 39 694.8075
29 1 21 320.595
29 2 12 37.3
29 3 45 733.65808
29 4 123 1492.41
29 5 33 38.445
29 6 22 253.095
29 7 45 550.75
29 8 15 374.264
29 9 65 841.7865
29 10 10 122.01
29 11 30 369.095
29 12 69 1176.41
29 15 47 862.71
29 16 10 65.4
29 19 17 119.735
29 20 18 118.75
29 21 43 153.78
29 22 31 103.75
29 23 85 1785.4225
29 24 49 301.902
29 25 25 277.2
29 26 22 249.581
29 28 36 386.461
29 29 28 315.208
29 30 54 184.26
29 31 25 153.715
29 32 22 238.3475
29 34 48 752.0355
29 35 15 326.288
29 36 39 842.83264
29 37 26 206.2909
29 38 14 129.92
29 39 65 738.31
29 40 14 112
29 41 120 1067.212656
29 43 23 310.33
29 44 40 592.64
29 45 148 1498.373
29 46 14 247.89
29 48 75 400.21
29 49 42 153.715
29 50 55 888.1975
29 53 9 233.4
29 55 159 965.83499
29 57 44 835.228
29 60 66 544.93375
29 61 107 1494.183
29 63 57 1353.37
29 64 22 222.27
29 65 13 100.345
29 66 43 1307.991
29 67 69 711.22825
30 1 48 541.071
30 3 13 279.726
30 7 46 280.66
30 11 44 210.696
30 12 36 149.2
30 14 8 234.98
30 15 23 329.83
30 16 33 612.776
30 17 9 209.18865
30 19 46 262.7
30 25 16 218.136
30 26 5 238.182592
30 27 33 315.21
30 28 38 560.55
30 29 27 437.636
30 30 50 832.49
30 31 14 209.18865
30 33 73 726.77
30 34 11 300.3
30 35 17 149.905
30 36 57 705.809056
30 37 58 208.25
30 38 17 537.150282
30 39 61 444.08
30 40 39 332.85
30 41 46 343.626
30 42 35 134.759056
30 44 42 473.248
30 45 41 406.2
32 1 23 787.85
32 2 21 259.686
32 4 58 1340.9
32 5 11 259.686
32 6 23 630.256
32 8 25 469.8
32 9 113 524.48
32 12 41 949.26
32 14 35 344.1375
32 16 29 185.676
32 17 46 1274.499875
32 18 32 1133.5675
32 21 57 1488.508
32 23 4 381.3075
32 24 24 1330.73
32 26 15 214.98
32 30 39 984.153
32 32 22 591.516
32 33 60 908.26
32 35 24 222.32
32 37 8 105.02
32 38 43 757.4825
32 39 17 91.68
32 40 49 830.6175
32 41 40 925.245
32 42 30 469.8
32 43 11 341.4
32 46 25 908.06
32 47 17 614.325
32 48 5 390.66
32 49 20 357.12
32 50 10 69.66
32 51 48 1062.532
32 54 27 200.18
32 55 32 1242.419516
32 56 36 403.81
32 58 39 780.965
32 62 55 1340.9
32 64 7 206.55
32 65 16 256.026
32 66 4 267.84
32 67 53 717.2375
32 69 45 548.1
32 70 44 913.355
32 71 56 721.54
32 73 31 174.15
34 1 18 247.84
34 2 49 152.81
34 3 55 358.2875
34 4 38 438.76
34 5 8 413.29504
34 6 48 837.795
34 9 38 633.96
34 10 33 1280.52
34 11 36 343.664
34 12 63 521.82
34 13 34 918.36
34 14 43 650.5278
34 15 9 396.036
34 16 23 805.904
34 17 33 645.38
34 18 28 312.71626
34 19 48 1157.55796
34 20 55 697.35
34 24 48 494.8
34 25 42 487.04
34 28 12 231.736
34 29 16 699.0675
34 32 34 523.44125
34 34 7 398.335
34 36 17 473.668
38 1 5 131.796864
38 2 23 692.52
38 3 11 341.8992
38 4 19 48.8175
38 5 48 1126.388
38 7 52 461.88
38 11 22 733.788
38 12 47 981.0484
38 14 11 93.15
38 15 65 986.66
38 16 58 1507.96
38 17 19 345.03
38 20 35 813.468
38 24 37 136.308
38 26 58 334.2548
38 27 115 1065.84
38 29 103 702.748
38 31 123 923.228
38 34 23 589.10096
38 37 12 597.48
38 39 27 518.538
38 42 81 474.2956
38 43 78 631.348
38 44 52 565.48
38 45 25 69.16
38 47 96 730.438
41 2 54 178.35
41 3 47 559.12
41 5 28 692.60927
41 8 11 199.28035
41 9 159 963.685856
41 12 47 476.28
41 14 36 575.49675
41 17 27 329.567238
41 21 19 1862.69196
41 22 184 1525.798
41 25 11 2955.02342
41 26 15 521.8455
41 27 47 1093.838
41 29 59 4600.641
41 30 6 1053.51732
41 33 58 2601.966
41 34 11 936.41196
41 35 29 2601.966
43 2 9 175.95539
43 3 29 82.96
43 4 21 633.1375
43 6 29 335.475
43 7 13 309.57075
43 8 18 406.2839
43 9 31 104.19
43 10 4 383.7025
43 11 13 41.54
43 12 14 207.5726
43 13 12 545.275
43 14 26 485.07
43 15 37 502.704
43 16 35 182.3592
43 17 28 621.02
43 18 20 349.5832
43 19 23 438.07
43 20 42 797.925
43 21 28 299.050234
43 22 6 378.41
43 27 17 327.2825
43 28 25 203.22398
43 30 32 251.628754
43 31 9 105.02
43 32 9 321.6
43 33 7 3.24
43 34 28 415.986341
43 35 20 178.7624
43 36 18 182.77878
43 38 39 384.4976
43 40 14 229.0744
43 41 16 77.48
43 42 13 189.65552
43 44 22 199.945
43 45 28 253.0652
43 46 20 77.48
43 47 40 78.08
43 48 103 681.56875
43 49 13 87.53645
43 50 4 117.7
43 51 23 230.46125
43 52 26 595.915
51 1 13 107.2014
51 2 29 325.57
51 3 43 471.96
51 4 8 250.8
51 5 13 58.5
51 6 16 121.365
51 7 17 77.48
51 9 13 5.74
51 19 22 428.762824
51 21 37 176.0565
51 23 31 314.043
51 24 6 94.64
51 25 58 297.906
51 26 19 205.14249
51 27 51 9.84
51 28 28 333.06
51 29 11 94.64
51 30 9 215.39049
51 31 5 99.28
51 32 12 77.48
51 33 32 392.514132
51 34 31 267.675
51 35 16 267.675
51 36 29 86.76
51 37 49 637.99
51 38 23 375.243
51 42 23 454.07858
55 1 31 1045.5965
55 2 55 627.6415
55 3 23 439.5825
55 4 2 44.94375
55 5 34 505.30375
55 7 39 589.688
55 8 43 488.7994
55 9 16 308.76
55 10 9 98.54
55 11 33 589.688
55 12 8 690.46
55 13 13 102.0625
55 14 68 1099.654
55 19 33 1246.5216
55 21 18 207.0825
55 22 44 417.44375
55 25 32 1360
55 26 46 113.512
55 27 82 840.757
55 28 42 435.39
55 29 40 545.89625
55 31 17 798.848818
55 33 19 114
55 34 34 1020
55 36 26 280.3652
55 37 62 423.77
55 38 40 359.1
55 39 29 668.102
55 40 29 113.512
55 41 13 102.0625
55 42 74 1133.063
55 43 41 476.24
55 44 20 536.04
55 45 68 435.362
55 46 39 337.33
55 47 28 1201.95675
55 48 46 113.512
55 49 42 272.616
55 50 34 276.82204
55 54 40 89.668
55 55 31 1140.1752
55 56 23 786.56
55 57 68 287.428
55 59 9 281.306
56 1 20 180.26
56 2 41 470.33634
56 3 23 347.775
56 4 25 275.31776
56 5 25 360.52
56 7 36 956.9
56 8 4 127.34
56 9 23 377.895
56 10 46 705.511793
56 11 49 786.17595
56 12 18 314.216
56 13 39 499.62
56 15 18 403.52
56 16 25 292.905
56 17 22 456.44
56 18 35 448.38
56 19 27 337.368
56 21 110 567.82484
56 22 7 208.376
56 23 43 373.695
56 24 24 291.89
56 25 74 379.41
56 26 25 284.448
56 27 29 401.334697
56 28 104 311.775
56 29 32 667.976
56 31 66 314.216
56 32 11 178.608
56 33 7 402.24
56 34 33 617.888
56 35 128 417.43578
56 36 32 178.608
56 38 63 872.7125
56 39 6 178.608
56 40 15 402.24
56 41 29 439.28
56 42 74 657.6
56 43 26 178.608
56 44 63 617.888
56 45 57 380.92
56 46 24 178.608
56 48 16 398.248
56 49 41 489.8025
60 1 9 160.38
60 2 66 849.82
60 4 35 467.3404
60 5 20 473.6
60 6 31 485.07
60 16 32 223.62
60 17 56 384.21924
60 18 46 384.21924
60 19 71 413.31924
60 20 36 328.64
60 21 91 427.86924
60 22 23 139.12
60 23 72 256.21164
60 24 22 223.62
60 26 52 358.31
60 27 9 128.0076
60 28 52 471.355
60 29 30 223.62
60 30 57 262.050229
60 31 28 380.16
60 33 36 309.44
60 34 34 242.433
60 36 14 224.66
60 38 54 353.5
60 39 47 534.72
63 1 3 115.889
63 2 4 89.89
63 3 4 42.75
63 4 35 299.8611
63 6 7 149.93055
63 7 20 68.84188
63 8 33 141.978777
63 10 47 786.525
63 12 5 47.7078
63 13 102 737.578362
63 14 27 188.635262
63 15 58 613.96
63 17 17 127.82
63 19 15 248.03
63 20 7 31.955
63 21 18 503.95389
63 22 42 607.04
63 23 35 205.332
63 25 17 379.44
63 26 9 115.335
63 27 7 31.955
63 28 11 164.632
63 29 58 422.85
63 30 20 386.725
63 32 16 164.632
63 33 22 704.57
63 34 69 192.72625
63 36 23 205.332
63 37 24 376.65
63 38 24 368.2
63 47 32 301.025303
63 48 26 284.92
63 49 14 56.29
63 50 19 177.8625
63 51 14 225
63 52 30 347.4063
63 54 19 314.565
63 55 88 314.565
63 60 46 176.75
63 61 42 375.99
63 62 15 375.99
63 65 72 309.38387
63 67 79 604.43889
63 68 114 551.426945
63 69 112 750.1775
65 1 6 249.262
65 2 179 1450.385757
65 3 41 430.8882
65 4 15 271.32
65 5 134 916.566
65 6 33 337.232
65 7 7 266.96
65 8 88 696.896965
65 9 92 377.0905
65 10 12 218.352
65 11 153 506.1012
65 12 18 877.36
65 13 22 420.84
65 14 5 395.94
65 15 51 381.525
65 16 9 42.175
65 17 19 236.58
65 19 21 185.8975
65 20 10 218.89
65 23 138 789.376
65 24 14 854.42
65 25 19 257.07
65 26 145 1296.6584
65 27 46 578.16
65 31 14 257.07
65 32 112 1057.367476
65 34 46 309.657
65 35 21 620.78742
65 37 194 624.568
65 40 62 265.765
65 41 65 183.9525
69 1 11 345.84
69 2 25 61.38
69 3 3 24.4125
69 4 10 266.56
69 5 44 883.387
69 6 21 392.27
69 7 11 299.25
69 8 62 530.283
69 9 32 40.762
69 10 86 823.68
69 11 51 337.81
69 12 30 477.849
69 14 16 259.84
69 15 86 359.70925
69 16 9 105.02
69 18 23 1000.41689
69 20 52 711.23375
69 25 11 299.25
69 26 35 366.338195
69 27 26 723.05
69 28 22 158.26
69 29 80 857.411803
69 30 29 791.438
69 31 56 277.92
69 32 25 393.59752
69 33 50 329.745
69 34 29 287.955
69 36 55 152.76
69 38 37 389.17125
69 39 10 105.02
69 40 6 140.135
69 42 25 362.14
69 43 66 183.75
69 44 79 1952.4
69 45 60 716.83813
69 49 12 710.41288
69 52 36 92.16
69 55 17 805.735
73 1 68 615.5278
73 2 68 1023.649839
73 3 78 595.89305
73 4 93 1495.1938
73 7 58 1537.432011
73 13 71 298.64825
73 15 18 94.64
73 17 93 1836.992865
73 27 34 1045.47696
73 29 15 16.9693
73 30 26 623.78
73 34 20 133.6
73 35 56 799.814911
73 36 56 514.402333
73 38 52 425.97
73 39 21 593.8785
73 45 128 1312.435
73 46 40 340.76981
73 47 56 704.892075
73 48 32 200.87
73 49 34 425.34
73 53 26 234.64
73 54 68 593.81125
73 56 73 310.52604
73 57 35 935.3685
73 58 29 61.57
73 59 16 291.98
73 60 65 788.79475
73 61 46 309.99324
73 62 49 506.336
73 64 38 388.316
73 65 48 307.62785
73 66 60 643.4
73 67 22 61.57
73 68 50 540.16
73 69 72 318.72
73 74 50 296.22
73 76 43 259.6328
73 79 88 603.424
73 81 47 306.30305
73 84 31 497.2681
73 86 84 1108.72
73 94 39 234.71805
73 99 60 562.415
73 100 36 338.835
73 101 30 543.96
74 1 15 140.8064
74 4 49 495.76516
74 5 21 409.6825
74 7 13 140.8064
74 8 38 341.192
74 9 58 310.99325
74 11 67 492.0225
74 13 15 140.8064
74 14 17 241.92
74 15 50 399.023728
74 16 8 177
74 17 75 283.05
74 18 72 269.131
74 19 10 140.8064
74 21 12 201.888
74 23 72 490.8955
74 25 18 181.736
74 27 46 337.850374
74 28 51 264.55968
74 29 36 237.048
74 30 34 116.59
74 31 26 214.66225
74 33 24 101.70333
74 34 50 483.3485
74 36 31 143.187713
74 39 44 140.8064
74 41 15 287.147362
74 42 47 397.782
74 43 8 216.48
74 44 61 188.7
74 45 30 297.65343
74 47 18 138.2064
74 49 21 203.072
74 50 105 610.7
74 52 38 672.658065
74 54 45 138.2064
74 56 14 304.714723
74 57 50 310.022
74 59 20 263.424
74 69 14 140.8064
74 71 19 203.3088
74 72 76 367.8
74 73 61 412.441
74 75 20 199.52
74 77 33 347.323
74 80 38 240.95725
74 81 24 265.56
74 82 32 391.15
74 83 10 199.52
74 84 103 583.15804
74 85 35 349.506722
74 86 67 453.86
74 87 30 193.2
74 88 59 714.089994
75 1 22 390.714
75 2 28 742.869
75 3 15 361.95
75 4 19 479.584
75 5 22 478.6204
75 6 23 463.77
75 7 16 469.56
75 8 43 550.06
75 9 57 597.162192
75 10 21 443.01
75 11 24 488.758
75 12 31 737.784
75 13 23 783.039
75 14 28 652.614156
75 15 23 330.064
75 16 36 1453.497
75 18 23 607.875
75 23 30 528.154
75 24 38 889.721064
75 25 16 666.759
75 26 22 371.94
75 27 25 504.5
75 28 19 286.85
75 29 25 730.5175
75 30 23 179.76
75 34 37 544.898
75 35 17 787.858
75 36 27 505.046
75 37 12 680.53
75 38 21 430.534
75 39 24 479.135
75 41 25 977.663348
75 42 28 459.42
75 43 26 811.84
75 44 26 1373.668
77 2 55 509.44275
77 3 14 962.44
77 4 24 160.898
77 5 31 528.469
77 6 20 25.012
77 7 120 660.814
77 9 42 515.327
77 10 15 177
77 11 59 623.084
77 22 99 420.484
77 23 36 343.766
77 24 36 532.5
77 25 111 943.124191
77 26 79 369.852212
77 27 95 650.7345
77 28 11 702.694913
77 30 54 343.766
77 31 39 225.032
77 32 41 268.815
77 33 58 200.112
77 35 28 379.257
77 37 63 1450.88175
77 38 38 449.21714
77 39 35 720.884
77 50 31 343.766
77 51 26 372.048
77 52 80 728.7525
78 1 13 225.922394
78 2 22 947.984
78 3 58 912.9925
78 6 14 411.7315
78 7 35 741.92
78 11 30 1690.55409
78 16 15 275.68
78 17 50 1385.3776
78 18 120 1935.1845
78 21 40 914.323063
78 25 17 252.24
78 27 19 702.9
78 29 13 707.638425
78 30 57 802.68
78 32 19 858.09625
78 35 12 732.9645
78 38 53 1971.465
78 40 22 260.01
78 44 30 764.86
78 45 45 497.98
78 47 14 351.92
78 48 80 1965.695247
78 49 48 776.75784
78 52 12 671.044
78 53 53 782.24
78 55 27 1009.1044
78 56 39 933.0825
78 59 41 1059.544503
78 60 71 1325.7325
83 1 50 372.42
83 2 72 650.364
83 8 54 1167.236
83 9 84 1103.06
83 10 54 548.0625
83 12 42 372.42
83 13 67 797.32
83 14 75 732.391198
83 15 35 459.84
83 16 64 673.84
83 17 62 708.715
83 18 36 459.84
83 19 66 659.52
83 20 81 821.568082
83 21 39 459.84
83 22 109 1641.56836
83 23 60 1019.972982
83 24 35 459.84
83 25 65 683.32
83 26 39 1745.13425
83 27 56 766.905292
83 28 154 2053.596608
83 29 61 950.88
83 31 55 563.3975
83 32 45 459.84
83 33 59 791.82
83 34 89 936.755918
83 35 47 459.84
83 36 88 840.54
83 37 33 354.388
83 38 89 1139.642645
83 39 42 459.84
83 40 69 934.54
83 41 70 867.105
84 1 18 284.186
84 2 37 263.574
84 3 18 570.290125
84 5 140 2758.063
84 7 38 359.35592
84 8 51 346.133947
84 9 48 660.919978
84 10 31 315.586
84 11 52 381.60952
84 12 34 148.428
84 13 47 535.399043
84 14 39 187.8916
84 16 42 334.2184
84 19 61 342.53
84 20 26 216.8124
84 21 46 337.3848
84 22 41 250.172
84 23 79 324.39
84 26 32 346.2684
84 27 53 542.2905
84 29 14 245.245
84 30 16 800.211442
84 32 58 343.54464
84 33 55 712.69525
84 34 23 236.05279
84 36 39 400.011
84 37 15 139.046896
84 38 37 582.112
84 39 56 895.91973
84 40 34 563.796075
84 41 63 344.376
84 42 74 623.234
84 44 73 418.371
84 46 27 308.8424
84 47 29 474.25
84 48 41 176.79
84 49 17 205.38
84 50 123 711.486
84 53 36 94.64
84 55 123 631.753
84 56 31 549.1695
84 57 42 252.67702
84 60 61 241.275
84 61 47 360.20102
84 63 40 546.240065
84 64 87 1156.540195
84 66 26 215.13002
84 67 55 650.7555
94 1 21 116.606886
94 2 17 107.28
94 3 34 496.1176
94 4 29 973.844
94 7 31 897.585
94 9 39 847.885
94 11 22 550.9725
94 12 12 834.43072
94 13 43 1026.15125
94 14 30 570.766
94 15 15 576.3265
94 16 19 646.79
94 17 33 1162.63
94 20 15 253.035
94 21 16 1020.3505
94 22 17 952.842
94 24 17 685.464
94 27 33 157.42
94 28 39 955.01
94 29 20 930.89
94 30 19 601.02
94 31 89 2888.2545
94 33 21 691.95775
94 34 18 295.2
94 36 17 158.92
94 38 67 1116.6575
94 40 19 546.66
94 41 31 627.111438
94 42 19 343.04
94 45 10 381.92
94 48 22 230.2425
94 49 13 595.43
94 50 29 534.75
94 52 31 918.77
94 54 10 158.92
94 55 16 443.202886
94 57 26 467.43
95 1 8 351.43
95 6 8 195.5812
95 7 31 904.4472
95 10 30 177.6
95 12 56 1228.5625
95 13 47 571.185
95 14 65 148.95
95 16 16 148.95
95 17 10 756.8
95 18 27 399.645
95 19 6 290.16
95 20 24 152
95 21 13 357.822
95 22 29 355.95
95 23 39 366.543
95 25 18 156.288
95 26 56 265.002
95 27 37 152
95 28 39 206.802
95 29 12 402.378
95 30 31 584.695
95 31 10 499.7052
95 32 22 123.31
95 33 27 773.5296
95 35 10 443.3472
95 36 16 98.56
95 37 10 139.49
95 39 23 719.346
95 40 5 357.8236
95 41 12 347.39
95 42 26 266.43
95 43 17 129.92
95 44 40 540.836
95 45 27 355.0044
96 2 39 417.684
96 4 66 571.504
96 5 42 796.18125
96 7 23 312.5025
96 8 66 362.868
96 9 3 149.6
96 10 92 391.13
96 11 16 183.9
96 12 47 1832.64
96 16 42 560.6275
96 17 30 211.884
96 18 16 85.617
96 20 27 585.81
96 22 17 333.34
96 24 54 553.535
96 25 31 736.77
96 27 37 313.776
96 28 58 767.821
96 30 5 231.84
96 31 58 639.277974
96 32 24 192.736
96 34 9 164.16
96 39 25 590.213
96 40 28 426.429
96 42 18 85.617
96 43 42 594.5176
96 44 26 151.76
96 45 21 982.326
96 46 41 253.29285
96 47 30 483.544
96 49 49 750.214
96 54 41 376.187
96 56 4 277.2
96 58 32 242.94
96 59 38 997.39
96 60 19 510.795
96 63 17 270.69
96 64 81 574.937
96 66 42 916.589
97 1 11 279.86
97 2 62 906.76228
97 3 15 389.83
97 4 80 1521.064749
97 5 21 208.4225
97 6 78 858.617472
97 8 26 115.255
97 9 31 193.395
97 10 12 228
97 11 50 305.35
97 12 15 34.849
97 14 30 410.115
97 15 68 595.70044
97 16 51 586.67
97 18 90 423.29
97 19 14 128.4
97 20 81 491.521462
97 21 27 338.31
97 22 59 550.167
97 23 57 611.515988
97 28 28 313.102
97 29 60 576.264988
97 30 9 150.15
97 31 17 54.12
97 32 45 513.74
97 34 81 561.898
97 35 8 150.15
97 36 55 462.03
97 37 66 559.9525
97 38 44 461.73
97 39 49 500.14034
97 40 34 259.37
97 41 76 723.49
97 42 29 610.56
97 44 72 1181.919375
97 45 74 720.72
97 46 41 369.33
97 47 79 602.714
97 48 42 351.5
97 49 39 611.03
97 50 33 543.18
97 51 56 399.9025
97 54 47 528.15
97 55 83 250.0975
97 56 76 366.8
97 57 72 486.0975
97 58 15 105.02
97 59 116 707.014228
97 60 36 366.8
97 61 87 764.7
97 62 43 255.186152
100 1 76 1023.984625
100 2 22 251.022816
100 5 75 1752.083586
100 6 26 346.56
100 7 23 399.02
100 8 38 215.64
100 9 50 934.48275
100 10 29 124.44
100 11 69 381.97
100 12 24 466.536
100 13 29 438.06
100 14 14 259.84
100 15 67 430.98
100 16 34 556.48
100 17 13 334.5
100 18 23 204.5475
100 19 60 736.9
100 20 57 510.95
100 22 29 692.0775
100 23 56 1080.24
100 24 23 153.78
100 25 79 621.36
100 26 52 114.45
100 27 59 344.5266
100 28 36 540.318375
100 29 126 852.155
100 31 5 21.5424
100 32 8 179.9084
100 33 13 368.52
100 34 61 410.871
100 35 58 153.78
100 36 22 276.39
100 37 50 953.97
101 1 63 660.314
101 2 65 1013.0362
101 3 11 215
101 5 31 361.763
101 6 37 541.462
101 9 52 1495.458
101 12 67 275.31
101 13 14 216.32
101 14 30 527.874
101 15 23 413.065625
101 16 54 958.166625
101 17 67 1264.8
101 18 54 1029.99
101 19 73 750.645
101 20 60 225.02
101 21 38 690.9065
101 22 85 807.179625
101 23 26 424.544
101 24 33 257.421625
101 25 65 708.75025
101 26 31 348.228
101 27 23 476.5698
101 28 38 920.643
101 29 29 253.521625
101 30 69 675.481
101 31 34 584.552
101 32 57 579.4788
101 33 75 502.761625
101 34 106 1103.2125
101 35 34 195.08
101 36 34 647.382
101 37 36 335.307425
101 38 32 322.32
101 39 28 94.8
101 40 38 585.156
101 41 23 94.64
101 42 77 719.906625
101 43 62 882.7
101 44 95 635.046625
101 45 33 253.521625
101 46 67 556.48
101 47 59 370.946625
101 48 129 1317.796625
101 49 87 798.391
101 51 74 836.524125
101 52 36 630.5091
101 53 28 326.161625
101 54 83 607.434625
104 1 26 286.3788
104 2 50 656.152
104 3 35 286.827
104 4 32 455.268
104 5 36 469.928
104 6 39 196.1684
104 7 46 241.36
104 8 25 180.6
104 9 31 394.867247
104 10 56 664.9405
104 11 27 312.832128
104 12 26 478.3309
104 13 32 425.52875
104 14 40 407.472528
104 15 34 253.85125
104 16 55 646.025
104 17 35 510.967128
104 19 37 237.358728
104 21 29 257.28325
104 22 34 626.1
104 23 29 405.3288
104 24 29 329.168
104 25 36 248.544
104 26 29 515.1034
104 27 35 406.3315
104 28 31 389.912
104 29 17 180.6
104 30 33 404.373247
104 31 41 552.268
104 32 32 413.617728
104 33 25 599.5984
104 34 41 486.789
104 35 35 192.0936
104 36 14 321.318
104 37 53 743.936
104 41 38 248.544
104 42 27 279.984
104 43 30 276.87325
104 44 42 522.222
108 1 10 250.922
108 2 27 253.15
108 3 24 307.56
108 4 41 796.616
108 10 15 782.96
108 11 26 403.52
108 12 10 634.12
108 14 37 1077.650212
108 15 59 673.32
108 21 9 495.24
108 22 61 1249.438
108 23 9 159.6
108 24 51 1123.36
108 25 35 634.08
108 26 34 779.96
108 27 79 1441.242
108 28 13 569.66
108 29 40 1656.597
108 30 17 1312.665
108 31 12 205.38
108 32 35 177.12
108 33 29 694.216
108 34 79 970.508584
108 36 46 372.755
108 37 34 433.176
108 38 17 892.76
108 39 36 483.06
108 40 38 835.504
108 41 48 1194.65
108 42 14 408.64
108 43 38 1283.1
108 44 47 771.8725
108 45 31 847.1725
108 46 52 962.210376
108 48 103 1071.88
108 49 49 425.9625
108 50 9 148.09
108 51 25 231.66
108 52 42 544.016
108 53 50 898.9
125 2 26 736.66
125 3 36 715.339
125 4 34 591.46
125 5 25 732.26
125 6 34 854.124
125 7 34 835.1635
125 10 9 362.88
125 15 30 1383.2
125 16 21 421.275
125 17 56 850.57125
125 19 15 810.717
125 20 32 935
125 21 34 328.4075
125 22 12 96.5034
125 23 34 1084.12
125 24 10 415.225
125 25 10 285.6
125 27 17 228.0975
129 1 16 588.73
129 3 23 410.8055
129 4 19 684.3575
129 5 24 702.06
129 6 14 279.44
129 8 54 586.2509
129 9 22 422.28
129 10 43 865.24
129 11 16 422.28
129 12 22 502.646
129 13 28 449.15376
129 14 34 422.28
129 15 43 551.375
129 18 22 198.4332
129 19 21 422.28
129 20 45 943.03
129 21 91 558.25
129 22 14 422.28
129 23 44 393.615
129 24 25 422.28
129 25 32 481.917
129 26 17 532.2705
129 27 15 422.28
129 28 32 193.0345
129 29 43 361.724
129 30 59 804.272
129 31 21 422.28
129 32 25 415.167
129 33 53 190.11
132 1 14 142.74
132 2 46 1104.20337
132 3 40 616.12
132 4 14 422.28
132 5 53 1175.8425
132 7 55 240
132 8 14 422.28
132 9 58 920.0214
132 10 35 320
132 11 66 689.44
132 12 15 241.5959
132 13 36 1249.09
132 14 23 230.67
132 15 17 561.258
132 16 22 574.5155
132 17 37 1134.3175
132 18 18 422.28
132 19 23 370.795
132 20 20 810.691
132 22 24 422.28
132 23 15 751.5725
132 24 48 1108.134
132 25 57 861.135
132 26 27 422.28
132 27 35 982.899
132 28 26 1387.141
132 29 31 422.28
132 30 37 863.006
132 31 20 341.805
132 32 31 537.3
132 33 14 359.64
132 34 13 150.15
132 35 44 982.95
132 36 33 318.64
132 37 14 210
132 38 31 1098
138 1 11 645.7535
138 2 59 1476.25654
138 4 53 2527.09276
138 5 19 499.91171
138 6 38 975.520336
138 7 12 422.28
138 9 126 1904.2125
138 10 37 787.26
138 11 42 1025.514382
138 12 32 490.05
138 14 47 933.94
138 15 16 429.225
138 16 10 94.8
138 17 102 1804.32634
138 19 27 866.008
138 21 60 744.83
138 22 56 1470.85096
138 23 21 677.186175
138 24 41 873.445
138 25 70 1522.58225
138 32 12 422.28
138 33 108 2448.22875
138 35 122 2981.405
138 37 29 572.08
138 38 35 801.04
138 39 115 1564.28338
138 41 86 1531.8125
138 42 49 487.528
138 44 98 572.08
138 45 65 1246.123
138 46 26 354.52
138 49 67 784.369
148 2 19 617.12
148 4 34 1087.056514
148 8 25 634.544
148 9 39 1368.1095
148 11 11 319.8876
148 12 13 377.317
148 15 39 825.547644
148 17 55 842.84
148 18 29 176.235
148 20 33 753.682
148 22 25 989.1
148 24 12 296.251
148 25 71 1264.196525
148 29 28 588.062175
148 32 15 520.022175
148 34 30 499.62729
148 36 34 490.931
148 37 40 1179.184
148 39 30 505.62
148 40 23 592.584
151 1 21 644.5194
151 2 39 1091.1195
151 7 29 1005.265
151 8 44 617.205
151 13 44 411.344
151 14 53 407.7745
151 15 40 772.914
151 17 43 765.35257
151 18 61 565.478
151 19 19 486.528
151 20 15 750.5134
151 22 50 243.610731
151 25 73 1146.176
151 26 35 1020.716
151 29 95 587.81
151 30 111 700.62
151 31 60 582.024
151 32 62 410.310411
151 34 12 567.8078
151 36 32 536.01348
151 37 23 471.455
151 39 49 179.34
151 40 16 460.04
151 41 24 514.091
151 42 32 543.502
151 43 42 390.405
151 44 34 1400.7756
151 46 20 730.3126
151 47 88 355.87
151 48 27 463.14
151 49 39 1346.1
151 51 48 663.498
151 54 98 564.336
152 1 9 333.756
152 2 25 819.84
152 3 30 230.02
152 4 26 367.525
152 5 8 465.735
152 6 7 238.5
152 7 7 627.3929
152 8 76 1165.335056
152 10 78 1424.19
152 12 15 416.63
152 13 8 487.08
152 14 4 487.08
152 15 16 538.63
152 17 19 575.84
152 18 19 1429.053788
152 19 16 1429.053788
152 20 43 855.97854
152 21 12 71.04
152 23 10 439.41
152 24 28 829.2135
152 25 31 805.4525
152 26 15 105.02
152 28 12 358.875
152 29 10 247
152 31 14 537.04
152 32 31 833.62875
152 34 5 316.956
152 35 15 439.41
152 36 42 1474.82814
152 37 23 743.98175
152 45 11 394.05
152 46 43 981.92126
152 49 19 413.835
152 51 21 829.035
152 52 10 522.3575
152 55 23 1020.61658
152 56 34 624.24
152 57 11 400.08
152 58 16 320.283443
152 59 11 594.5
152 60 31 480.17
152 61 28 476.723753
152 62 32 936.3485
152 64 15 723.36
153 1 28 364.842
153 2 37 696.4305
153 3 36 340.895
153 5 90 1380.391435
153 7 38 426.656
153 8 41 921.62
153 10 80 774.38492
153 12 32 425.6034
153 13 39 1324.728392
153 15 41 714.687507
153 16 17 422.28
153 20 46 1088.778
153 21 27 610.998
153 23 10 119.778707
153 24 19 620.4305
153 26 14 671.66
153 29 40 422.28
153 31 44 114
153 35 42 1237.736
153 37 14 289.182
153 38 34 944.183792
153 40 50 1733.191392
153 41 19 294.816
153 42 48 696.468
153 43 23 1068.6075
153 45 28 425.325107
153 46 28 697.4305
153 50 10 211.14
153 51 41 472.02
153 53 47 1142.56516
170 2 36 1146.45
170 7 49 1421.127375
170 11 48 1580.042
170 13 25 203.25
170 14 52 1392.423375
170 18 51 1140.72
170 20 52 1956.554375
170 28 64 2529.52
170 30 33 1547.692225
170 33 53 1987.82
170 35 40 1447.21528
170 38 73 1690.8375
170 39 50 1904.375375
170 42 34 811.2235
170 44 29 1641.428375
170 47 39 1755.74075
170 48 70 1666.560375
170 50 42 879.06
170 53 33 781.29
170 56 42 1597.27
170 57 20 975.22
170 60 69 1866.6725
170 62 39 1213.29
170 64 38 1086.5425
170 65 18 1191.715375
170 68 45 672.1625
170 70 36 1636.525375
175 1 13 174.88
175 2 56 1892.6775
175 5 11 391.3275
175 7 16 459.699
175 8 25 354.715
175 9 24 673.512
175 10 46 748.745
175 11 22 327.1
175 18 26 511.165
175 22 27 458.3
175 23 26 40.762
175 24 35 840.945
175 28 23 272.02
175 29 26 109.29495
175 30 32 266.96
175 31 19 284.565
175 32 30 459.36
175 33 24 718.98
175 34 6 139.12
175 36 22 498.09
175 37 23 181.36
175 38 20 362.38
175 39 14 309.6
175 40 38 619.53
175 41 8 153.424
175 42 26 224.82
175 43 31 539.6485
175 44 20 514.6813
175 45 14 398.36
175 46 60 836.507
175 48 30 450.815
175 49 40 423.14
175 50 19 17.522
175 51 38 276.96
175 52 94 1737.89548
175 54 15 414.924
175 55 18 228.666
175 56 25 262.09
175 57 28 603.892
175 58 8 484.02
175 59 43 1242.66
175 60 25 189.797725
175 61 26 147.04
175 62 10 14.304
175 63 7 14.304
175 64 20 96.244
175 65 29 566.14244
175 66 22 285.93
175 67 21 392.0216
175 68 8 200
175 70 28 152.98
175 71 21 263.19
178 1 42 524.076
178 2 44 975.7
178 4 31 553.981
178 6 29 538.676
178 9 51 836.195
178 12 17 444.866
178 13 52 926.42
178 16 17 229.535
178 18 10 200.676
178 20 12 1731.82036
178 23 21 1055.57636
178 26 27 1876.81236
178 29 24 444.866
178 30 11 312.61
178 31 29 807.651
178 33 22 446.006
178 35 51 1032.992
178 37 20 1190.6484
178 39 35 531.351
178 40 23 724.16
178 42 12 1729.83486
178 45 14 590.0438
178 46 33 557.68
178 47 71 1383.25875
178 58 16 331.122
178 59 17 433.265
178 60 22 295.13825
178 61 28 1013.09
178 62 16 289.9445
178 63 21 503.062
178 66 28 1165.95675
196 1 27 446.616
196 2 39 788.157
196 4 25 481.318264
196 5 35 875.34
196 6 18 439.464
196 7 32 547.6835
196 8 7 139.12
196 9 56 1136.364
196 10 58 993.027
196 11 42 1232.76325
196 12 89 1292.09
196 15 109 636.21125
196 17 60 665.88
196 18 71 795.79765
196 21 13 281.0816
196 22 81 855.32475
196 24 8 142.672
196 26 115 2305.639
196 27 14 442.042
196 28 38 1240.687
196 31 50 582.65988
196 32 36 446.616
196 34 52 1144.992
196 38 7 89.89
196 39 49 691.236
196 41 97 1451.357
196 42 17 480.226
196 43 9 690.7725
196 44 78 758.5485
196 45 9 89.89
196 46 15 483.826
196 47 34 870.67675
196 48 52 853.2265
196 50 67 667.536
196 53 36 518.112
196 54 35 571.518
196 55 28 72.056
196 56 11 280.016
196 58 47 1997.155
196 59 14 282.976
196 60 35 348.898
196 62 22 604.84
196 64 36 599.0695
196 66 68 523.05575
196 67 17 828.702
196 68 83 2260.316292
197 1 37 321.575
197 3 27 425.924
197 4 47 460.885
197 7 40 407.874
197 8 43 50.35
197 10 16 240.06
197 11 42 393.89
197 14 42 244.405
197 16 45 790.11355
197 18 15 241.695
197 19 37 529.6725
197 20 13 61.57
197 21 116 792.845
197 22 29 321.3295
197 25 54 228.0835
197 28 25 159.4608
197 29 39 210.906528
197 31 69 1219.8063
197 33 40 342.19
197 38 63 802.440022
197 42 10 91.2
197 44 16 77.3875
197 45 9 62.424
197 46 46 290.16
197 47 27 84.36
197 48 15 231.2825
197 51 61 466.08
197 53 8 29.26
197 54 68 737.1973
197 56 9 40.28
197 58 21 63.27
197 59 33 46.4325
197 66 26 251.99
197 68 66 1132.1284
197 73 79 1006.861755
197 74 29 517.32
197 78 20 231.2825
197 79 7 91.2
197 80 76 510.613129
197 84 39 811.52144
197 85 65 402.8615
197 87 30 676.52875
197 88 36 227.74284
197 90 72 1737.31125
197 91 18 300.0825
197 92 89 1320.157303
197 94 77 558.09935
197 95 56 603.150599
197 98 40 231.2825
197 99 47 209.7708
197 100 24 80.56
197 103 30 131.83
197 105 114 989.237914
197 106 22 231.2825
197 107 10 91.2
197 110 94 949.7875
197 111 36 649.44
197 114 66 605.8438
197 115 24 231.2825
197 117 48 646.1238
197 121 20 561.195
197 123 95 512.3786
197 124 65 726.8025
208 1 29 228.3508
208 2 38 543.07
208 3 4 85.617
208 4 64 464.094693
208 5 39 395.9448
208 6 15 143.181
208 7 20 446.727482
208 10 116 734.888359
208 11 44 396.3
208 12 41 329.817
208 13 5 85.617
208 14 51 352.8775
208 15 42 424.46
208 16 52 303.14375
208 17 85 487.7556
208 18 53 285.577
208 19 41 396.516
208 20 148 1006.63421
208 21 40 163.426
208 22 92 488.9802
208 23 21 205.326
208 24 146 755.560125
208 26 42 577.97
208 28 34 426.5112
208 29 92 550.328
208 31 55 521.538
208 32 44 396.8712
208 34 87 881.1685
208 35 73 766.4196
208 36 33 420.3846
208 37 41 426.713
208 39 5 163.79
208 41 63 359.00125
208 44 46 409.6096
208 45 5 105.02
208 46 31 244.4064
208 47 47 603.609225
208 48 39 395.5896
208 49 77 401.363574
208 50 14 206.4522
208 51 62 688.771362
208 52 26 242.6641
208 53 95 1183.883794
208 54 6 273.35
208 55 50 425.055
208 56 36 242.6641
208 57 63 278.684994
208 58 117 832.779785
208 59 38 1167.82914
208 61 26 319.9166
208 62 30 294.818406
208 63 26 449.9658
208 64 43 877.324
210 1 33 362.88
210 3 37 322.486
210 4 90 1227.46524
210 6 56 223.108
210 7 64 362.88
210 9 83 1085.995709
210 10 14 148.8
210 11 47 351.708
210 12 31 456.728
210 13 32 1142.514
210 14 63 937.32
210 15 60 1027.515
210 16 45 499.305
210 17 66 1467.0696
210 18 135 1254.66496
210 21 103 1656.953
210 22 84 362.88
210 23 102 1602.07935
210 24 79 1086.418
210 25 28 362.88
210 26 62 547.85118
210 28 34 725.76
210 29 28 149.76
210 31 17 111.4136
210 32 36 467.9
210 33 107 570.92665
210 36 32 379.2168
210 37 124 362.88
210 38 70 420.48
210 39 80 1137.3092
210 40 26 458.9841
210 41 55 362.88
210 42 119 845.664
210 43 84 1243.6356
210 44 25 404.69
210 45 6 96.2
210 46 67 654.64757
210 47 17 364
210 48 76 1410.637375
210 49 16 154.77
210 50 40 156.8
210 51 26 495.31
210 52 13 131.696
210 53 47 325.356
210 54 110 765.785566
210 55 19 112.52
210 56 42 145.279
210 57 39 488.403106
210 58 41 974.83304
210 59 114 1274.66625
210 60 87 362.88
210 61 18 163.5
210 62 56 1189.844
210 63 82 1089.762
211 1 26 653.81152
211 2 20 433.184
211 3 37 975.8483
211 5 55 225.566
211 6 37 657.341
211 7 59 1258.0305
211 8 25 537.99516
211 9 32 380.24
211 10 37 245.468
211 11 79 1765.434
211 12 28 251.289
211 13 33 623.85
211 15 46 1250.124988
211 17 42 724.85836
211 18 19 515.8085
211 19 62 1232.30875
211 20 43 556.48
211 21 28 537.99516
211 22 45 775.115
211 23 46 2289.344
211 27 22 1027.104
211 28 49 956.363964
211 30 32 251.687
211 31 27 1138.264
211 33 60 860.303
211 35 49 628.5548
211 37 46 1076.157
211 38 38 470.36694
211 40 72 766.601375
211 41 36 935.812585
211 43 42 1952.164
211 44 66 2478.1415
211 45 26 361.21944
211 46 27 667.599
211 47 77 1000.6815
211 50 19 368.98
211 53 31 360.2358
213 1 53 272.35278
213 2 70 365.175
213 3 128 338.65375
213 4 85 389.3258
213 6 91 1057.816875
213 7 41 468.239403
213 8 83 1163.721
213 14 39 291.57875
213 15 54 308.674
213 16 52 268.60825
213 17 23 746.61
213 27 72 320.076
213 29 61 318.678
213 33 81 617.78
213 34 59 366.686
213 36 82 679.838
213 39 104 289.09
213 40 59 298.9535
213 41 53 462.79375
213 43 48 403.6
213 45 96 226.36
213 46 56 917.08
213 47 52 475.91436
213 48 150 1748.956575
213 50 46 604.108
213 51 37 581.056
213 53 61 546.320795
213 54 41 1428.8635
213 55 47 553.23236
213 56 79 1105.4975
213 57 81 651.66885
213 58 117 314.21418
213 59 100 247.436
213 62 34 612.02
213 63 53 342.09558
213 64 29 204.6
213 65 80 380.45
214 1 23 237.34
214 2 69 319.68
214 3 70 2031.16346
214 6 83 708.455788
214 7 65 750.24641
214 9 60 1064.677243
214 12 88 1041.9955
214 13 52 698.81076
214 14 35 1497.69709
214 15 45 466.558
214 16 82 371.7755
214 17 57 478.65
214 24 37 480.86
214 27 138 1783.34888
214 28 20 205.38
214 35 42 1170.152763
214 39 19 350.3936
215 1 63 351.026
215 4 77 704.68975
215 6 72 302.568
215 10 88 1744.686
215 12 64 832.696
215 25 73 1441.546
215 26 85 623.386
215 33 14 342.55
215 35 164 1290.611006
215 37 82 597.328
215 43 102 159.792
215 44 89 912.494
215 45 25 492.684
215 46 36 456.96
215 47 80 604.768
215 48 70 717.344
215 49 27 383.18
215 52 61 399.67125
215 54 62 717.344
215 55 44 204.604
215 58 49 478.17
215 60 98 959.10725
215 62 110 503.002
215 63 25 702.99
215 65 64 1316.20075
215 67 78 538.892
215 75 44 160.017
215 78 150 1139.301
215 82 59 503.002
215 89 47 490.86
215 90 47 928.564
215 91 34 362.7268
215 94 61 580.199375
215 96 56 538.844
215 97 42 355.674
215 99 35 422.8
215 101 46 1146.26
215 103 27 355.674
215 105 35 514.0675
215 107 55 158.833
215 108 56 583.82
216 1 28 360.6344
216 2 20 186.217
216 3 31 353.3956
216 4 15 50.3
216 5 25 295.226
216 6 19 6.8975
216 7 7 159.6
216 8 49 479.0176
216 9 28 244.669
216 11 87 1136.524
216 13 150 2679.652737
216 14 26 638.276
216 16 51 423.209
216 17 60 206.9764
216 18 6 166.608
216 19 21 285.04
216 20 53 606.262
216 21 20 108.1416
216 22 61 707.415
216 23 3 175.1
216 24 69 337.592
216 25 80 428.88
216 26 18 96.39
216 27 21 585.778
216 29 29 335.816
216 30 62 367.418
216 31 79 225.725
216 32 15 523.88
216 33 40 207.3908
216 34 108 727.852
216 35 42 87.55
216 36 20 156.798
216 37 26 166.27
216 38 20 575.012
216 39 48 179.406
216 40 37 486.896
216 41 14 218.211647
216 42 35 643.778
216 45 30 166.27
216 46 10 125.7275
216 48 38 311.375
216 49 5 166.27
217 1 18 939.506007
217 2 38 1239.4
217 4 30 655.953
217 5 24 189.378
217 6 42 1105.38
217 7 34 328.717154
217 9 29 702.1446
217 10 19 804.6325
217 11 28 1156.78
217 12 10 71.136
217 13 40 1014.068
217 15 28 605.22
217 16 6 89.89
217 17 40 461.565
217 18 47 1177.82
217 19 28 176.931657
217 20 39 1332.61868
217 26 22 817.53156
217 27 31 1119.26
217 28 66 1721.576
217 29 39 735.828
217 30 11 605.22
217 31 28 782.745292
217 32 10 428
217 33 49 773.28
217 34 74 1420.635
217 35 27 928.5546
217 36 67 1094.11
217 37 42 816.88
217 38 24 605.22
217 39 37 1046.502172
217 40 12 428
217 41 18 803.22
217 42 37 714.56034
217 51 27 697.392172
217 53 102 1251.23
217 54 63 1126.16
217 55 26 798.849174
217 56 25 313.6
217 57 68 2153.32126
217 60 33 352.458086
217 63 20 754.130606
217 64 29 454.3
217 65 28 865.37
217 66 56 651.3255
217 67 44 347.705
217 68 41 831.968
217 71 11 309.395
218 2 13 33.3341
218 3 6 109.9197
218 4 22 94.64
218 9 30 159.74
218 10 15 94.64
218 11 77 34.44
218 12 14 115.7184
218 15 34 154
218 16 19 94.64
218 18 28 635.84125
218 23 29 99.734426
218 24 40 667.40625
218 27 17 197.8125
218 28 44 134.685
218 30 14 94.4225
218 31 31 282.79
218 33 16 138.4525
218 34 27 415.57
218 35 20 712.57
218 36 33 203.8125
218 37 38 232.26
218 39 33 232.3925
218 40 30 252.06
218 41 25 667.664
218 42 15 271.448
218 43 52 1287.344702
218 45 17 260.4825
218 47 30 867.64
218 48 16 238.9325
218 49 19 356.915
218 51 47 1086.74
218 52 14 197.8125
218 53 32 834.4
219 1 44 854.257388
219 3 66 1318.13
219 4 52 620.16
219 5 73 684.12125
219 12 92 414.038553
219 13 105 1157.9024
219 14 162 1090.5255
219 15 37 277.596
219 16 65 551.3336
219 17 94 636.948
219 19 130 619.1114
219 20 70 372.407988
219 21 47 418.9756
219 22 69 1555.68005
219 24 52 503.17914
219 25 33 478.102
219 27 148 1732.014375
219 30 80 1210.562
219 32 32 417.804
219 33 46 454.5288
219 35 48 428.36
219 36 133 1305.498
219 38 69 305.691494
219 40 242 2241.7405
219 41 64 399.4256
219 42 129 651.289094
219 43 42 749.4536
219 44 94 462.179
219 46 66 329.736294
219 48 32 759.122
219 49 52 164.7
219 50 65 911.413853
219 51 30 156.9888
219 52 34 505.604012
219 53 126 1002.1088
219 54 63 295.908
219 55 128 472.8796
219 56 183 1891.854803
219 57 155 788.191
219 59 28 457.9848
219 60 194 2337.856803
219 61 93 180.064
222 5 62 1074.15
222 8 117 667.455
222 13 47 1167.48
222 14 74 958.137163
222 16 114 540.9475
222 17 59 1160.9525
222 18 95 906.985
222 19 129 326.2915
222 21 128 1177.514
222 22 51 828.71
222 23 113 922.6055
222 24 8 285.6
222 25 51 471.0816
222 26 108 889.3575
222 27 101 433.9905
222 31 73 1170.84
222 33 90 1406.5908
222 35 175 503.68
222 38 21 745.8426
222 39 190 760.245
224 1 60 813.819
224 2 11 238.5
224 4 57 1205.718669
224 10 33 561.18
224 11 50 777.498
224 12 76 1211.002
224 24 32 387.358
224 27 20 1196.288
224 29 73 939.9365
224 32 19 846.53
224 37 87 1485.817252
224 43 76 875.125
224 45 32 362.528
224 46 107 516.633395
224 47 53 395.296
224 50 57 1045.159252
224 51 72 1442.575377
224 54 65 1630.628
224 55 27 334.263
224 56 95 740.773288
224 58 35 429.015
224 60 71 822.9785
224 61 75 876.5262
227 1 48 257.3
227 2 69 323.77
227 3 64 192.96
227 4 39 174.13
227 5 60 253.75
227 6 24 154.116
227 7 75 261.47
227 8 62 124.56
227 10 68 200.25
227 12 49 411.0626
227 13 20 155.104
227 15 66 261.47
227 16 28 146.82
227 17 61 200.25
227 18 59 307.342018
227 19 28 155.104
227 20 59 246.1
227 22 81 317.7075
227 23 39 212.16
227 25 115 550.595377
227 26 31 147.372075
227 27 67 204.68
227 28 88 284.6325
227 29 107 188.24
227 30 104 397.05702
227 32 27 117.6
227 33 15 3.36
227 34 42 234.74
227 35 94 246.208
227 36 53 181.6
227 37 40 316.242579
227 38 33 194.176
227 39 69 261.47
227 41 44 146.82
227 42 38 202.95
227 44 85 434.398
227 45 47 202.0825
227 46 68 311.01578
227 47 45 155.64
227 48 54 154.25
227 50 114 515.584618
227 51 72 459.04
227 52 121 312.73156
227 53 124 267.761
227 54 109 141.65
227 55 43 161.06
227 56 80 267.54825
227 57 32 235.3625
227 59 55 349.2225
227 60 36 164.46
227 61 53 151.55
227 62 85 224.726189
227 63 21 404.04
227 64 40 289.6225
227 65 77 311.01578
227 66 17 177
227 67 102 893.879945
227 68 113 445.184
227 69 144 236.26
227 70 41 211.3
227 71 74 257.36
227 72 95 299.934468
227 74 21 122.72
227 75 67 266.9
227 76 98 188.69
227 77 19 204.125
227 78 77 171.05
227 79 48 221.22
227 80 122 266.9
227 81 73 188.69
227 82 24 204.125
227 83 68 268.8
227 84 43 193.44
231 1 90 576.76229
231 2 59 154.34
231 3 33 431.28
231 4 40 247.73
231 5 29 222.72
231 6 75 199.78
231 10 90 1163.93156
231 11 21 199.78
231 12 91 731.859
231 13 40 460.109
231 14 91 875.350124
231 15 133 558.6625
231 16 33 1711.992
231 17 61 838.1585
231 18 38 380.736
231 19 73 538.4075
231 20 77 570.992
231 21 34 287.26229
231 22 41 339.4375
231 23 30 431.28
231 24 53 820.302926
231 25 101 747.38
231 26 101 564.7825
231 27 76 769.92
231 28 93 641.215
231 29 24 137.376
231 30 79 396.97375
231 31 68 903.125
231 32 46 597.413
231 33 35 68.688
231 34 95 320.311926
231 35 85 1025.15556
231 36 16 544.16275
231 37 51 302.59
231 38 125 657.5775
231 39 46 852.415
231 41 103 1288.94663
231 42 96 657.5775
231 43 21 431.28
231 45 51 614.6939
231 46 100 641.215
231 47 33 270.67375
231 48 80 648.4815
232 1 13 211.14
232 2 30 569.1175
232 4 8 171.12
232 5 38 192.22
232 6 8 258.6
232 7 13 64.38
232 8 68 420.69
232 9 30 252.353
232 10 12 261.57
232 11 13 115.96
232 12 41 316.39
232 13 6 25.8375
232 14 8 211.14
232 15 27 438.86875
232 17 15 115.96
232 18 15 222.059964
232 21 56 384.86
232 22 8 85.47
232 24 81 622.3825
232 25 12 134.5425
232 26 31 99.925
232 27 11 85.47
232 28 14 222.059964
232 30 91 340.765
232 31 5 32.48
232 33 39 387.653305
232 36 17 297.528
232 38 16 222.059964
232 39 8 154.392
232 40 4 102.0625
232 41 14 46.64
232 42 76 308.285
232 44 11 222.059964
232 46 11 154.392
232 47 12 422.28
232 48 5 154.392
232 49 56 778.03
232 52 11 174.84
232 53 9 178.5
232 54 18 222.059964
232 55 62 565.925
232 58 12 211.14
232 59 54 475.66375
232 63 29 292.64375
232 65 8 222.059964
232 66 7 174.84
232 67 79 716.1135
232 68 12 574.388
232 69 13 222.059964
232 70 8 149.04
232 72 8 47.46
232 73 5 285.04
232 74 51 567.174
232 75 25 589.188
232 76 16 222.059964
232 77 9 149.04
232 79 76 690.8535
232 80 101 706.18675
232 81 18 222.059964
232 82 85 687.0135
232 84 23 222.059964
232 85 72 774.5135
237 1 27 831.27888
237 5 22 304.944
237 6 59 539.265
237 7 16 115.96
237 10 40 304.056
237 11 14 95.4
237 12 28 890.08
237 15 6 272.285
237 16 57 1429.6
237 17 184 1107.7941
237 25 26 1002.947625
237 27 37 753.152
237 28 13 257.4
237 29 98 1014.506
237 30 11 529.792
237 32 39 845.4095
237 42 40 304.944
237 43 51 815.12
237 47 25 446.207
237 52 57 1684.518
237 53 45 560.932982
237 54 73 810.2275
240 31 63 271.4
240 11 60 453.593728
240 1 55 422.87675
240 34 67 301.569456
240 27 52 397.526
240 28 31 235.5
240 20 69 441.3855
240 2 71 323.2143
240 25 79 507.8296
240 13 55 458.896
240 15 97 751.44875
240 39 62 344.514
240 38 48 401.113
240 33 44 362.509
240 36 75 504.7115
240 32 67 500.047626
240 10 53 419.389585
240 8 41 436.37125
240 16 67 509.339
240 43 58 496.4475
240 19 72 502.648042
240 42 45 525.9165
240 3 60 538.885898
240 9 64 784.785125
240 5 125 512.53875
240 23 54 495.4045
240 6 85 601.00875
240 4 66 420.5945
240 7 86 673.5214
240 24 48 483.68
240 18 61 781.052
240 35 106 1170.01425
240 40 53 629.0835
240 37 55 643.6788
240 30 96 918.952006
240 12 93 1097.531022
240 14 23 214.8
240 29 88 515.854375
241 1 64 311.77
241 2 12 141.862639
241 4 75 434.294569
241 5 107 310.92
241 7 29 243.5299
241 8 158 646.408
241 10 58 631.97571
241 12 51 356.214
241 13 139 510.925374
241 15 25 307.773
241 16 123 566.215
241 18 31 607.23555
241 21 145 2152.475
241 22 81 509.7
241 24 120 1998.4125
241 26 122 1232.6545
241 27 113 843.4515
241 32 77 596.2142
241 33 127 829.754747
241 34 88 393.8419
241 35 61 568.574
241 38 76 733.66675
241 39 23 138.96
241 41 55 619.065
241 42 13 117.6
241 43 72 378.7875
241 44 106 408.71
241 45 49 286.8991
241 47 48 714.711
241 50 14 117.6
242 1 7 193.004
242 2 18 192.1644
242 3 10 106.24
242 4 29 208.0675
242 10 18 261.54474
242 11 92 410.6475
242 12 61 700.43555
242 13 26 224
242 14 25 240.494365
242 15 61 170.7975
242 16 15 53.5
242 17 16 126.96
242 18 51 308.335625
242 20 38 331.76224
242 21 56 228.02
242 25 48 457.7085
242 26 3 105.02
242 27 25 112.29
242 28 17 45.792
242 29 19 163.24
242 30 44 648.9817
242 31 35 280
242 39 13 146.4
242 40 20 269.93675
242 42 57 911.01
242 45 9 111.16
242 47 24 332.6724
242 48 57 920.489
242 50 23 269.10724
242 51 43 268.99
242 53 53 159.6
242 54 80 1336.92
242 55 6 186.59124
242 56 27 56.70675
242 57 14 189.158989
242 58 44 279.84
242 59 61 448.3766
242 61 18 323.365
242 62 5 105.02
242 63 50 210.741
242 64 19 482.27
242 65 17 200.695
242 66 17 108.04
242 67 44 168.7
242 68 26 93.28
242 69 72 485.4946
242 72 17 105.02
242 73 22 345.8
242 75 10 119.35124
242 76 5 64.896
242 77 59 297.68
245 1 18 535.804
245 2 37 340.936
245 3 57 1788.959117
245 4 26 516.624
245 5 29 498.252
245 8 21 823.586723
245 10 106 547.774
245 11 42 575.432
245 12 36 677.96875
245 13 29 547.774
245 14 13 245.96
245 15 95 641.483
245 17 28 531.754
245 18 58 616.7
245 19 23 494.77
245 20 30 570.914
245 21 82 829.673
245 22 45 601.2155
245 23 32 145.08
245 24 27 485.3615
245 25 8 362.04
245 26 53 536.5325
245 27 74 1125.705
245 28 22 145.08
245 29 27 531.754
245 30 52 609.378
245 31 48 1109.064
245 32 22 607.738933
245 33 44 588.22
245 35 56 1770.17625
245 36 15 516.624
245 38 49 598.948793
245 39 29 531.754
245 40 53 339.361
245 41 52 588.273793
245 42 30 531.754
245 43 58 546.5415
245 44 67 826.165
245 45 25 531.754
245 46 26 446.7025
245 47 47 569.50875
245 48 28 735.314
245 49 52 639.5925
245 50 44 790.073
246 1 69 238.9595
246 2 62 1050.11311
246 3 71 868.825125
246 4 83 201.0725
246 5 61 639.01875
246 7 27 350.975
246 8 9 97.42375
246 9 43 293.0475
246 10 46 1123.5175
246 11 19 397.1225
246 12 35 723.36
246 13 6 473.19
246 14 20 359.64
246 15 65 520.2943
246 16 53 1252.862275
246 18 79 626.0425
246 19 23 433.7025
246 20 52 1153.711956
246 22 37 277.82
246 23 98 1021.605388
246 24 116 1151.248674
246 25 57 256.1875
246 26 81 683.96
246 27 37 1608.474318
246 28 73 219.56
246 29 102 961.36875
246 30 75 898.4075
246 32 43 277.82
246 33 59 889.54
246 34 2 279.87
246 35 67 530.829375
246 37 22 226.5475
246 38 44 1104.934
246 40 4 632.06
246 41 13 414.96
246 42 6 206.64
246 43 8 322.02962
246 45 76 376.22852
246 46 110 1002.943185
246 47 42 512.885
246 48 13 301.05
246 49 63 500.5835
246 51 82 421.740308
246 53 39 303.295
246 54 78 830.60008
246 55 63 639.51377
251 1 25 688.9592
251 2 26 363.26822
251 3 22 245
251 4 58 1124.009
251 5 33 689.26
251 6 76 1088.43754
251 7 15 109.314572
251 8 24 377.516
251 9 57 390.9944
251 10 19 211.994
251 11 13 122.5
251 12 30 652.761898
251 13 27 469.64
251 14 27 614.232033
251 15 21 439.603
251 17 65 818.402145
251 19 23 188.86
251 20 36 453.9
251 21 57 606.92998
251 22 13 90.352574
251 23 38 623.084309
251 24 23 445.076
251 26 47 740.283352
251 28 59 722.6034
251 29 17 280.876
251 30 29 525.683
251 32 24 447.541515
251 33 49 733.711375
251 36 25 519.67566
251 37 19 286.07075
251 38 4 79.0575
251 39 21 133.4
251 40 28 490.026265
251 42 18 281.05
251 43 20 567.8531
251 44 27 470.84
251 46 27 823.41
251 47 3 159.25
251 48 101 1143.8325
251 50 20 584.3
251 51 20 584.3
251 52 56 760.41949
251 53 39 312.9685
251 54 15 294.222
251 55 67 1149.169806
251 57 63 887.8758
251 58 23 291.376
251 59 45 659.091125
251 60 35 526.476875
251 61 24 324.3125
251 62 27 369.875
251 63 49 325.163625
251 65 47 154.8
251 66 89 976.484125
258 1 64 399.3232
258 2 22 176.05
258 3 66 287.3
258 4 46 77.78
258 5 51 362.148
258 6 52 183.6015
258 7 44 340.136
258 8 80 344.555
258 9 45 352.1
258 10 93 1427.928
258 11 45 346.083
258 12 18 54.375
258 13 36 271.125
258 14 36 299.7006
258 15 59 361.7104
258 16 21 21.045
258 17 68 361
258 20 71 618.2698
258 21 79 768.617
258 22 54 453.8128
258 23 85 527.61625
258 24 29 285.6
258 26 23 352.1
258 27 53 550.72288
258 28 34 272.825
258 30 96 289.88025
258 31 28 35.847044
258 32 39 308.25
258 33 42 374.2464
258 37 46 754.7925
258 38 57 221.025
258 40 79 935
258 41 29 333.8325
258 42 23 60.745829
258 44 66 895.79848
258 45 52 239.36892
258 46 31 524.07532
258 47 37 540.03298
258 48 24 211
258 49 72 734.81024
258 50 42 150.6
258 51 30 167.67782
258 52 16 89.17766
258 54 62 300.36924
258 55 52 361.9
258 57 59 570.780355
258 58 56 370.268125
258 60 63 591.46892
258 61 17 176.05
258 62 33 358.05732
258 63 45 517.632
258 64 37 631.5928
258 65 56 352.1
258 66 66 597.235311
260 1 17 36.445
260 2 43 465.99625
260 3 56 383.09734
260 4 49 319.245
260 5 35 293.18
260 6 69 820.725875
260 7 18 141.47
260 8 50 518.56
260 10 35 257.45193
260 11 39 130.16125
260 12 44 533.541696
260 13 14 522.24
260 14 13 18.2225
260 15 28 130.64
260 16 16 154.48
260 17 22 25.62
260 18 49 409.618
260 20 54 304.868065
260 22 39 454.69
260 23 17 12.16
260 24 28 130.64
260 25 16 77.48
260 26 62 253.5
260 28 22 142.716
260 30 37 209.39638
260 31 16 36.445
260 32 39 235.24
260 33 45 344.240625
260 34 62 505.97138
260 35 69 181.9105
260 36 57 293.88
260 37 13 36.445
260 38 46 207.64
260 40 35 120.13092
260 41 26 293.88
260 42 101 342.29324
260 43 11 36.445
260 44 58 1045.43875
260 46 54 222.70092
260 47 59 280.172
260 48 95 953.652225
260 49 22 40.96
260 50 76 966.13147
260 51 19 40.96
260 52 29 768.017426
260 53 34 459.08
260 57 33 411.145
260 58 57 861.088
260 59 23 403.203042
260 60 17 36.445
260 61 40 128.24
260 62 59 231.436
260 64 19 77.48
260 65 91 376.840125
260 67 45 323.21
260 70 39 94.26579
260 71 19 18.2225
260 72 27 51.24
260 73 16 167.37
260 74 39 377.195
260 75 35 375.80544
260 76 61 286.81664
260 77 41 394.02794
260 79 32 178.5
260 80 20 379.59
260 81 86 772.4205
260 84 35 250.435576
260 85 13 36.445
260 86 37 263.29
260 87 16 20.048
260 88 46 335.445
260 89 40 390.173051
261 1 26 289.5655
261 2 23 213.977
261 3 69 867.681144
261 4 21 289.5655
261 5 27 575.421911
261 6 29 483.8392
261 7 14 538.889911
261 8 56 902.863244
261 9 30 778.6192
261 10 36 914.818978
261 11 29 209.4855
261 12 34 697.831156
261 13 40 842.697
261 14 31 209.4855
261 15 33 594.755
261 16 30 402.698
261 17 9 166.1575
261 18 16 191.11
261 19 33 881.06692
261 20 17 191.11
261 21 32 639.726
261 22 14 151.334
261 23 21 473.8625
261 24 49 1029.3
261 25 13 424.58657
261 26 12 448.044844
261 27 12 217.492
261 28 17 622.81457
261 29 13 1020
261 30 88 407.229
261 32 8 150.15
261 33 35 778.335256
261 34 23 497.110115
261 38 13 152.518
261 39 34 358.7875
261 40 37 366.4095
266 1 6 105.02
266 2 27 528.8435
266 4 33 691.485
266 5 32 491.67
266 6 13 150.15
266 7 44 1157.055
266 8 41 410.03
266 9 15 412.4924
266 10 29 605.2935
266 11 11 166.6
266 12 54 852.579
266 13 17 201.292
266 14 5 170.64
266 16 29 471.44
266 17 37 1421.083
266 18 55 130.5
266 19 3 170.64
266 20 28 579.5675
266 21 46 1537.185
266 24 2 105.02
266 25 33 476.2475
266 26 31 2037.88
266 27 10 214.14
266 28 4 105.02
266 29 21 591.02
266 30 25 989.7
266 31 4 103.32
266 32 7 275.66
266 33 33 475.6435
266 35 40 771.54048
266 36 10 150.15
266 37 44 1041.110254
266 38 113 1407.521093
266 39 6 179.78
266 40 22 824.49
266 41 26 579.5675
266 42 24 682.921
266 47 6 341.28
266 48 26 1213.95
266 50 6 170.64
266 51 45 579.5675
266 52 75 1052.861625
266 53 5 170.64
266 54 50 526.64
266 55 12 733.26048
268 1 24 123.8715
268 2 90 1151.659
268 4 71 330.3325
268 5 66 453.06704
268 6 12 323.74936
268 7 33 104.958
268 8 84 411.249
268 9 28 14.537
268 11 33 180.01
268 12 12 161.74752
268 13 6 18.7272
268 14 85 919.54708
268 16 17 104.958
268 19 29 197.555
268 20 25 441
268 22 29 121.31064
268 23 85 378.777
268 24 43 119.952
268 27 32 197.555
268 28 40 544.5
268 30 82 228.900125
268 33 21 180
268 36 45 217.71
268 39 37 865.6475
268 43 25 441
268 45 48 1195.1975
268 50 26 48.125
268 51 44 168.28
268 53 54 301.563
268 57 22 164.13
268 59 76 191.648419
268 60 30 6.5568
268 61 36 12.11825
268 62 36 226.195
268 63 54 424.99875
268 64 39 543
268 65 62 174.93
268 67 27 84.5
268 68 90 97.539386
268 70 65 587.25
268 75 66 281.58
268 78 17 480.925
268 81 71 594.3
268 83 6 105.02
268 85 37 47.1375
268 87 65 628
270 1 43 1404.698
270 3 31 611.061232
270 5 124 892.19432
270 7 28 564.288
270 15 16 728.91
270 16 81 767.781
270 18 19 267.118
270 23 77 762.65
270 24 42 849.8041
270 26 51 882.60804
270 27 75 1016.855
270 28 100 683.216
270 29 44 265.48
270 34 8 208.95
270 37 40 563.956
